1 0.5140625 0.3625000000000001 0.45 0.3625000000000001 0.45 0.43125 0.5140625 0.43125
1 0.5140625 0.3625000000000001 0.45 0.3625000000000001 0.45 0.43125 0.5140625 0.43125
1 0.5125 0.3765625000000001 0.478125 0.3765625000000001 0.478125 0.4046875 0.5125 0.4046875
1 0.48125 0.3968750000000001 0.446875 0.3968750000000001 0.446875 0.434375 0.48125 0.434375
1 0.5140625 0.3625000000000001 0.45 0.3625000000000001 0.45 0.43125 0.5140625 0.43125
1 0.5125 0.3765625000000001 0.478125 0.3765625000000001 0.478125 0.4046875 0.5125 0.4046875
1 0.48125 0.3968750000000001 0.446875 0.3968750000000001 0.446875 0.434375 0.48125 0.434375
1 0.5140625 0.3625000000000001 0.45 0.3625000000000001 0.45 0.43125 0.5140625 0.43125
1 0.5125 0.3765625000000001 0.478125 0.3765625000000001 0.478125 0.4046875 0.5125 0.4046875
1 0.48125 0.3968750000000001 0.446875 0.3968750000000001 0.446875 0.434375 0.48125 0.434375
1 0.5140625 0.3625000000000001 0.45 0.3625000000000001 0.45 0.43125 0.5140625 0.43125
1 0.5125 0.3765625000000001 0.478125 0.3765625000000001 0.478125 0.4046875 0.5125 0.4046875